0.014137 0.029129 0.044947 0.061549 0.078882 0.096878 0.11545 0.13452 0.15396 0.17367 0.19352 0.21337 0.23308 0.25252 0.27153 0.28998 0.27153 0.25252 0.23308 0.21337 0.19352 0.17367 0.15396 0.13452 0.11545 0.096878 0.078882 0.061549 0.044947 0.029129 0.014137
0.029129 0.060056 0.092723 0.12705 0.16291 0.20018 0.23867 0.2782 0.31854 0.35945 0.40064 0.44185 0.48276 0.52309 0.56252 0.60076 0.56252 0.52309 0.48276 0.44185 0.40064 0.35945 0.31854 0.2782 0.23867 0.20018 0.16291 0.12705 0.092723 0.060056 0.029129
0.044947 0.092723 0.14324 0.19637 0.25193 0.30972 0.36945 0.43082 0.49348 0.55704 0.62106 0.6851 0.74868 0.81133 0.87256 0.9319 0.87256 0.81133 0.74868 0.6851 0.62106 0.55704 0.49348 0.43082 0.36945 0.30972 0.25193 0.19637 0.14324 0.092723 0.044947
0.061549 0.12705 0.19637 0.26935 0.34573 0.42523 0.50746 0.592 0.67835 0.76597 0.85424 0.94255 1.0302 1.1166 1.2009 1.2826 1.2009 1.1166 1.0302 0.94255 0.85424 0.76597 0.67835 0.592 0.50746 0.42523 0.34573 0.26935 0.19637 0.12705 0.061549
0.078882 0.16291 0.25193 0.34573 0.444 0.54633 0.65226 0.76122 0.87256 0.98556 1.0994 1.2134 1.3265 1.4378 1.5466 1.6519 1.5466 1.4378 1.3265 1.2134 1.0994 0.98556 0.87256 0.76122 0.65226 0.54633 0.444 0.34573 0.25193 0.16291 0.078882
0.096878 0.20018 0.30972 0.42523 0.54633 0.67254 0.80326 0.93779 1.0753 1.2149 1.3557 1.4965 1.6362 1.7738 1.9081 2.038 1.9081 1.7738 1.6362 1.4965 1.3557 1.2149 1.0753 0.93779 0.80326 0.67254 0.54633 0.42523 0.30972 0.20018 0.096878
0.11545 0.23867 0.36945 0.50746 0.65226 0.80326 0.95975 1.1209 1.2856 1.453 1.6217 1.7904 1.958 2.1228 2.2837 2.4393 2.2837 2.1228 1.958 1.7904 1.6217 1.453 1.2856 1.1209 0.95975 0.80326 0.65226 0.50746 0.36945 0.23867 0.11545
0.13452 0.2782 0.43082 0.592 0.76122 0.93779 1.1209 1.3095 1.5024 1.6984 1.896 2.0937 2.2899 2.483 2.6713 2.8534 2.6713 2.483 2.2899 2.0937 1.896 1.6984 1.5024 1.3095 1.1209 0.93779 0.76122 0.592 0.43082 0.2782 0.13452
0.15396 0.31854 0.49348 0.67835 0.87256 1.0753 1.2856 1.5024 1.7242 1.9496 2.1768 2.4042 2.6299 2.8519 3.0684 3.2776 3.0684 2.8519 2.6299 2.4042 2.1768 1.9496 1.7242 1.5024 1.2856 1.0753 0.87256 0.67835 0.49348 0.31854 0.15396
0.17367 0.35945 0.55704 0.76597 0.98556 1.2149 1.453 1.6984 1.9496 2.2048 2.4623 2.7199 2.9755 3.227 3.4722 3.709 3.4722 3.227 2.9755 2.7199 2.4623 2.2048 1.9496 1.6984 1.453 1.2149 0.98556 0.76597 0.55704 0.35945 0.17367
0.19352 0.40064 0.62106 0.85424 1.0994 1.3557 1.6217 1.896 2.1768 2.4623 2.7502 3.0384 3.3243 3.6055 3.8796 4.1442 3.8796 3.6055 3.3243 3.0384 2.7502 2.4623 2.1768 1.896 1.6217 1.3557 1.0994 0.85424 0.62106 0.40064 0.19352
0.21337 0.44185 0.6851 0.94255 1.2134 1.4965 1.7904 2.0937 2.4042 2.7199 3.0384 3.357 3.6733 3.9843 4.2873 4.5797 4.2873 3.9843 3.6733 3.357 3.0384 2.7199 2.4042 2.0937 1.7904 1.4965 1.2134 0.94255 0.6851 0.44185 0.21337
0.23308 0.48276 0.74868 1.0302 1.3265 1.6362 1.958 2.2899 2.6299 2.9755 3.3243 3.6733 4.0195 4.3601 4.6918 5.0119 4.6918 4.3601 4.0195 3.6733 3.3243 2.9755 2.6299 2.2899 1.958 1.6362 1.3265 1.0302 0.74868 0.48276 0.23308
0.25252 0.52309 0.81133 1.1166 1.4378 1.7738 2.1228 2.483 2.8519 3.227 3.6055 3.9843 4.3601 4.7296 5.0896 5.4369 5.0896 4.7296 4.3601 3.9843 3.6055 3.227 2.8519 2.483 2.1228 1.7738 1.4378 1.1166 0.81133 0.52309 0.25252
0.27153 0.56252 0.87256 1.2009 1.5466 1.9081 2.2837 2.6713 3.0684 3.4722 3.8796 4.2873 4.6918 5.0896 5.4771 5.8508 5.4771 5.0896 4.6918 4.2873 3.8796 3.4722 3.0684 2.6713 2.2837 1.9081 1.5466 1.2009 0.87256 0.56252 0.27153
0.28998 0.60076 0.9319 1.2826 1.6519 2.038 2.4393 2.8534 3.2776 3.709 4.1442 4.5797 5.0119 5.4369 5.8508 6.25 5.8508 5.4369 5.0119 4.5797 4.1442 3.709 3.2776 2.8534 2.4393 2.038 1.6519 1.2826 0.9319 0.60076 0.28998
0.27153 0.56252 0.87256 1.2009 1.5466 1.9081 2.2837 2.6713 3.0684 3.4722 3.8796 4.2873 4.6918 5.0896 5.4771 5.8508 5.4771 5.0896 4.6918 4.2873 3.8796 3.4722 3.0684 2.6713 2.2837 1.9081 1.5466 1.2009 0.87256 0.56252 0.27153
0.25252 0.52309 0.81133 1.1166 1.4378 1.7738 2.1228 2.483 2.8519 3.227 3.6055 3.9843 4.3601 4.7296 5.0896 5.4369 5.0896 4.7296 4.3601 3.9843 3.6055 3.227 2.8519 2.483 2.1228 1.7738 1.4378 1.1166 0.81133 0.52309 0.25252
0.23308 0.48276 0.74868 1.0302 1.3265 1.6362 1.958 2.2899 2.6299 2.9755 3.3243 3.6733 4.0195 4.3601 4.6918 5.0119 4.6918 4.3601 4.0195 3.6733 3.3243 2.9755 2.6299 2.2899 1.958 1.6362 1.3265 1.0302 0.74868 0.48276 0.23308
0.21337 0.44185 0.6851 0.94255 1.2134 1.4965 1.7904 2.0937 2.4042 2.7199 3.0384 3.357 3.6733 3.9843 4.2873 4.5797 4.2873 3.9843 3.6733 3.357 3.0384 2.7199 2.4042 2.0937 1.7904 1.4965 1.2134 0.94255 0.6851 0.44185 0.21337
0.19352 0.40064 0.62106 0.85424 1.0994 1.3557 1.6217 1.896 2.1768 2.4623 2.7502 3.0384 3.3243 3.6055 3.8796 4.1442 3.8796 3.6055 3.3243 3.0384 2.7502 2.4623 2.1768 1.896 1.6217 1.3557 1.0994 0.85424 0.62106 0.40064 0.19352
0.17367 0.35945 0.55704 0.76597 0.98556 1.2149 1.453 1.6984 1.9496 2.2048 2.4623 2.7199 2.9755 3.227 3.4722 3.709 3.4722 3.227 2.9755 2.7199 2.4623 2.2048 1.9496 1.6984 1.453 1.2149 0.98556 0.76597 0.55704 0.35945 0.17367
0.15396 0.31854 0.49348 0.67835 0.87256 1.0753 1.2856 1.5024 1.7242 1.9496 2.1768 2.4042 2.6299 2.8519 3.0684 3.2776 3.0684 2.8519 2.6299 2.4042 2.1768 1.9496 1.7242 1.5024 1.2856 1.0753 0.87256 0.67835 0.49348 0.31854 0.15396
0.13452 0.2782 0.43082 0.592 0.76122 0.93779 1.1209 1.3095 1.5024 1.6984 1.896 2.0937 2.2899 2.483 2.6713 2.8534 2.6713 2.483 2.2899 2.0937 1.896 1.6984 1.5024 1.3095 1.1209 0.93779 0.76122 0.592 0.43082 0.2782 0.13452
0.11545 0.23867 0.36945 0.50746 0.65226 0.80326 0.95975 1.1209 1.2856 1.453 1.6217 1.7904 1.958 2.1228 2.2837 2.4393 2.2837 2.1228 1.958 1.7904 1.6217 1.453 1.2856 1.1209 0.95975 0.80326 0.65226 0.50746 0.36945 0.23867 0.11545
0.096878 0.20018 0.30972 0.42523 0.54633 0.67254 0.80326 0.93779 1.0753 1.2149 1.3557 1.4965 1.6362 1.7738 1.9081 2.038 1.9081 1.7738 1.6362 1.4965 1.3557 1.2149 1.0753 0.93779 0.80326 0.67254 0.54633 0.42523 0.30972 0.20018 0.096878
0.078882 0.16291 0.25193 0.34573 0.444 0.54633 0.65226 0.76122 0.87256 0.98556 1.0994 1.2134 1.3265 1.4378 1.5466 1.6519 1.5466 1.4378 1.3265 1.2134 1.0994 0.98556 0.87256 0.76122 0.65226 0.54633 0.444 0.34573 0.25193 0.16291 0.078882
0.061549 0.12705 0.19637 0.26935 0.34573 0.42523 0.50746 0.592 0.67835 0.76597 0.85424 0.94255 1.0302 1.1166 1.2009 1.2826 1.2009 1.1166 1.0302 0.94255 0.85424 0.76597 0.67835 0.592 0.50746 0.42523 0.34573 0.26935 0.19637 0.12705 0.061549
0.044947 0.092723 0.14324 0.19637 0.25193 0.30972 0.36945 0.43082 0.49348 0.55704 0.62106 0.6851 0.74868 0.81133 0.87256 0.9319 0.87256 0.81133 0.74868 0.6851 0.62106 0.55704 0.49348 0.43082 0.36945 0.30972 0.25193 0.19637 0.14324 0.092723 0.044947
0.029129 0.060056 0.092723 0.12705 0.16291 0.20018 0.23867 0.2782 0.31854 0.35945 0.40064 0.44185 0.48276 0.52309 0.56252 0.60076 0.56252 0.52309 0.48276 0.44185 0.40064 0.35945 0.31854 0.2782 0.23867 0.20018 0.16291 0.12705 0.092723 0.060056 0.029129
0.014137 0.029129 0.044947 0.061549 0.078882 0.096878 0.11545 0.13452 0.15396 0.17367 0.19352 0.21337 0.23308 0.25252 0.27153 0.28998 0.27153 0.25252 0.23308 0.21337 0.19352 0.17367 0.15396 0.13452 0.11545 0.096878 0.078882 0.061549 0.044947 0.029129 0.014137
