1.259563958861645641e-02 1.315583439480040931e-02 1.373875199391157154e-02 1.433104606378756210e-02 1.490393063824571249e-02 1.544540611834549319e-02 1.594168179236112384e-02 1.638963070607089845e-02 1.682553749592100717e-02 1.724408881003590063e-02 1.762220553278991825e-02 1.792130152670371943e-02 1.815991743165915745e-02 1.834188975098065277e-02 1.845848662263568224e-02 1.849762133022706326e-02 1.845848662263568224e-02 1.834188975098065277e-02 1.815991743165915745e-02 1.792130152670371943e-02 1.762220553278991825e-02 1.724408881003590063e-02 1.682553749592100717e-02 1.638963070607089845e-02 1.594168179236112384e-02 1.544540611834549319e-02 1.490393063824571249e-02 1.433104606378756210e-02 1.373875199391157154e-02 1.315583439480040931e-02 1.259563958861645641e-02
1.315583439480040931e-02 1.378356591867095811e-02 1.442968875165701742e-02 1.505807812369249106e-02 1.565720228711198203e-02 1.620092786707609187e-02 1.673680396462853132e-02 1.727792485780688114e-02 1.778741076852106279e-02 1.822912869412171913e-02 1.865553006321571047e-02 1.900257758741763156e-02 1.922624125000140308e-02 1.938959581633328821e-02 1.949148556559215928e-02 1.953373843504868299e-02 1.949148556559215928e-02 1.938959581633328821e-02 1.922624125000140308e-02 1.900257758741763156e-02 1.865553006321571047e-02 1.822912869412171913e-02 1.778741076852106279e-02 1.727792485780688114e-02 1.673680396462853132e-02 1.620092786707609187e-02 1.565720228711198203e-02 1.505807812369249106e-02 1.442968875165701742e-02 1.378356591867095811e-02 1.315583439480040931e-02
1.373875199391157154e-02 1.442968875165701742e-02 1.510998799287572789e-02 1.576444247206124083e-02 1.636124379495540460e-02 1.697713200285442051e-02 1.762220553278991825e-02 1.819446454436321470e-02 1.877542649565898045e-02 1.922624125000140308e-02 1.961873392986869177e-02 2.000955131711248947e-02 2.029994893640062539e-02 2.049810163321381246e-02 2.061901254080126394e-02 2.065966152159625507e-02 2.061901254080126394e-02 2.049810163321381246e-02 2.029994893640062539e-02 2.000955131711248947e-02 1.961873392986869177e-02 1.922624125000140308e-02 1.877542649565898045e-02 1.819446454436321470e-02 1.762220553278991825e-02 1.697713200285442051e-02 1.636124379495540460e-02 1.576444247206124083e-02 1.510998799287572789e-02 1.442968875165701742e-02 1.373875199391157154e-02
1.433104606378756210e-02 1.505807812369249106e-02 1.576444247206124083e-02 1.641809966522864150e-02 1.710978926721288748e-02 1.782071918653473780e-02 1.849762133022706326e-02 1.912968040604550585e-02 1.966147908310062267e-02 2.022183284738721804e-02 2.065966152159625507e-02 2.103883466596009194e-02 2.134288341263784403e-02 2.154087398786631857e-02 2.166194216218646218e-02 2.170268868311703639e-02 2.166194216218646218e-02 2.154087398786631857e-02 2.134288341263784403e-02 2.103883466596009194e-02 2.065966152159625507e-02 2.022183284738721804e-02 1.966147908310062267e-02 1.912968040604550585e-02 1.849762133022706326e-02 1.782071918653473780e-02 1.710978926721288748e-02 1.641809966522864150e-02 1.576444247206124083e-02 1.505807812369249106e-02 1.433104606378756210e-02
1.490393063824571249e-02 1.565720228711198203e-02 1.636124379495540460e-02 1.710978926721288748e-02 1.788766387246902567e-02 1.865553006321571047e-02 1.932388562024627693e-02 2.000955131711248947e-02 2.061901254080126394e-02 2.116907358845014284e-02 2.162139218639511778e-02 2.203710620797710504e-02 2.242544008228643942e-02 2.266076746527916769e-02 2.279161095435822820e-02 2.283570808751439821e-02 2.279161095435822820e-02 2.266076746527916769e-02 2.242544008228643942e-02 2.203710620797710504e-02 2.162139218639511778e-02 2.116907358845014284e-02 2.061901254080126394e-02 2.000955131711248947e-02 1.932388562024627693e-02 1.865553006321571047e-02 1.788766387246902567e-02 1.710978926721288748e-02 1.636124379495540460e-02 1.565720228711198203e-02 1.490393063824571249e-02
1.544540611834549319e-02 1.620092786707609187e-02 1.697713200285442051e-02 1.782071918653473780e-02 1.865553006321571047e-02 1.938959581633328821e-02 2.018301472222047005e-02 2.086788156218060200e-02 2.150090190451662067e-02 2.209173226458038125e-02 2.266076746527916769e-02 2.307387666906647247e-02 2.348995233456365253e-02 2.379039199594808543e-02 2.397020348225433611e-02 2.403091123290816700e-02 2.397020348225433611e-02 2.379039199594808543e-02 2.348995233456365253e-02 2.307387666906647247e-02 2.266076746527916769e-02 2.209173226458038125e-02 2.150090190451662067e-02 2.086788156218060200e-02 2.018301472222047005e-02 1.938959581633328821e-02 1.865553006321571047e-02 1.782071918653473780e-02 1.697713200285442051e-02 1.620092786707609187e-02 1.544540611834549319e-02
1.594168179236112384e-02 1.673680396462853132e-02 1.762220553278991825e-02 1.849762133022706326e-02 1.932388562024627693e-02 2.018301472222047005e-02 2.095297846867522421e-02 2.166194216218646218e-02 2.242544008228643942e-02 2.301581289157649673e-02 2.367239043090722458e-02 2.421542561699947110e-02 2.449260477853809972e-02 2.473641565779597512e-02 2.493261015959781154e-02 2.499900438232714739e-02 2.493261015959781154e-02 2.473641565779597512e-02 2.449260477853809972e-02 2.421542561699947110e-02 2.367239043090722458e-02 2.301581289157649673e-02 2.242544008228643942e-02 2.166194216218646218e-02 2.095297846867522421e-02 2.018301472222047005e-02 1.932388562024627693e-02 1.849762133022706326e-02 1.762220553278991825e-02 1.673680396462853132e-02 1.594168179236112384e-02
1.638963070607089845e-02 1.727792485780688114e-02 1.819446454436321470e-02 1.912968040604550585e-02 2.000955131711248947e-02 2.086788156218060200e-02 2.166194216218646218e-02 2.253203701475036541e-02 2.325009602770005540e-02 2.403091123290816700e-02 2.453096532161666565e-02 2.506591148720060946e-02 2.546660545308249493e-02 2.578027092811728885e-02 2.600741242940737483e-02 2.608452616852195705e-02 2.600741242940737483e-02 2.578027092811728885e-02 2.546660545308249493e-02 2.506591148720060946e-02 2.453096532161666565e-02 2.403091123290816700e-02 2.325009602770005540e-02 2.253203701475036541e-02 2.166194216218646218e-02 2.086788156218060200e-02 2.000955131711248947e-02 1.912968040604550585e-02 1.819446454436321470e-02 1.727792485780688114e-02 1.638963070607089845e-02
1.682553749592100717e-02 1.778741076852106279e-02 1.877542649565898045e-02 1.966147908310062267e-02 2.061901254080126394e-02 2.150090190451662067e-02 2.242544008228643942e-02 2.325009602770005540e-02 2.415351642161425727e-02 2.473641565779597512e-02 2.541209200956399961e-02 2.600741242940737483e-02 2.643513745306121099e-02 2.670096119128579151e-02 2.686823686707403777e-02 2.692528655191280332e-02 2.686823686707403777e-02 2.670096119128579151e-02 2.643513745306121099e-02 2.600741242940737483e-02 2.541209200956399961e-02 2.473641565779597512e-02 2.415351642161425727e-02 2.325009602770005540e-02 2.242544008228643942e-02 2.150090190451662067e-02 2.061901254080126394e-02 1.966147908310062267e-02 1.877542649565898045e-02 1.778741076852106279e-02 1.682553749592100717e-02
1.724408881003590063e-02 1.822912869412171913e-02 1.922624125000140308e-02 2.022183284738721804e-02 2.116907358845014284e-02 2.209173226458038125e-02 2.301581289157649673e-02 2.403091123290816700e-02 2.473641565779597512e-02 2.552157821202299948e-02 2.628257162086605758e-02 2.675609240803122207e-02 2.721140475427806862e-02 2.755236770846985345e-02 2.773532201580485371e-02 2.779998025659492430e-02 2.773532201580485371e-02 2.755236770846985345e-02 2.721140475427806862e-02 2.675609240803122207e-02 2.628257162086605758e-02 2.552157821202299948e-02 2.473641565779597512e-02 2.403091123290816700e-02 2.301581289157649673e-02 2.209173226458038125e-02 2.116907358845014284e-02 2.022183284738721804e-02 1.922624125000140308e-02 1.822912869412171913e-02 1.724408881003590063e-02
1.762220553278991825e-02 1.865553006321571047e-02 1.961873392986869177e-02 2.065966152159625507e-02 2.162139218639511778e-02 2.266076746527916769e-02 2.367239043090722458e-02 2.453096532161666565e-02 2.541209200956399961e-02 2.628257162086605758e-02 2.686823686707403777e-02 2.749311176237939983e-02 2.793438034898852382e-02 2.828478997758603758e-02 2.850556039329890656e-02 2.858013877658224094e-02 2.850556039329890656e-02 2.828478997758603758e-02 2.793438034898852382e-02 2.749311176237939983e-02 2.686823686707403777e-02 2.628257162086605758e-02 2.541209200956399961e-02 2.453096532161666565e-02 2.367239043090722458e-02 2.266076746527916769e-02 2.162139218639511778e-02 2.065966152159625507e-02 1.961873392986869177e-02 1.865553006321571047e-02 1.762220553278991825e-02
1.792130152670371943e-02 1.900257758741763156e-02 2.000955131711248947e-02 2.103883466596009194e-02 2.203710620797710504e-02 2.307387666906647247e-02 2.421542561699947110e-02 2.506591148720060946e-02 2.600741242940737483e-02 2.675609240803122207e-02 2.749311176237939983e-02 2.807324966445394476e-02 2.858013877658224094e-02 2.899097586348267294e-02 2.921212282513820785e-02 2.926421646009213715e-02 2.921212282513820785e-02 2.899097586348267294e-02 2.858013877658224094e-02 2.807324966445394476e-02 2.749311176237939983e-02 2.675609240803122207e-02 2.600741242940737483e-02 2.506591148720060946e-02 2.421542561699947110e-02 2.307387666906647247e-02 2.203710620797710504e-02 2.103883466596009194e-02 2.000955131711248947e-02 1.900257758741763156e-02 1.792130152670371943e-02
1.815991743165915745e-02 1.922624125000140308e-02 2.029994893640062539e-02 2.134288341263784403e-02 2.242544008228643942e-02 2.348995233456365253e-02 2.449260477853809972e-02 2.546660545308249493e-02 2.643513745306121099e-02 2.721140475427806862e-02 2.793438034898852382e-02 2.858013877658224094e-02 2.916162535809347853e-02 2.950394243621855955e-02 2.974245379024207867e-02 2.980574966294490674e-02 2.974245379024207867e-02 2.950394243621855955e-02 2.916162535809347853e-02 2.858013877658224094e-02 2.793438034898852382e-02 2.721140475427806862e-02 2.643513745306121099e-02 2.546660545308249493e-02 2.449260477853809972e-02 2.348995233456365253e-02 2.242544008228643942e-02 2.134288341263784403e-02 2.029994893640062539e-02 1.922624125000140308e-02 1.815991743165915745e-02
1.834188975098065277e-02 1.938959581633328821e-02 2.049810163321381246e-02 2.154087398786631857e-02 2.266076746527916769e-02 2.379039199594808543e-02 2.473641565779597512e-02 2.578027092811728885e-02 2.670096119128579151e-02 2.755236770846985345e-02 2.828478997758603758e-02 2.899097586348267294e-02 2.950394243621855955e-02 2.985803151176344081e-02 3.002572549166878171e-02 3.015424520464941513e-02 3.002572549166878171e-02 2.985803151176344081e-02 2.950394243621855955e-02 2.899097586348267294e-02 2.828478997758603758e-02 2.755236770846985345e-02 2.670096119128579151e-02 2.578027092811728885e-02 2.473641565779597512e-02 2.379039199594808543e-02 2.266076746527916769e-02 2.154087398786631857e-02 2.049810163321381246e-02 1.938959581633328821e-02 1.834188975098065277e-02
1.845848662263568224e-02 1.949148556559215928e-02 2.061901254080126394e-02 2.166194216218646218e-02 2.279161095435822820e-02 2.397020348225433611e-02 2.493261015959781154e-02 2.600741242940737483e-02 2.686823686707403777e-02 2.773532201580485371e-02 2.850556039329890656e-02 2.921212282513820785e-02 2.974245379024207867e-02 3.002572549166878171e-02 3.040902706584228468e-02 3.046529579556228953e-02 3.040902706584228468e-02 3.002572549166878171e-02 2.974245379024207867e-02 2.921212282513820785e-02 2.850556039329890656e-02 2.773532201580485371e-02 2.686823686707403777e-02 2.600741242940737483e-02 2.493261015959781154e-02 2.397020348225433611e-02 2.279161095435822820e-02 2.166194216218646218e-02 2.061901254080126394e-02 1.949148556559215928e-02 1.845848662263568224e-02
1.849762133022706326e-02 1.953373843504868299e-02 2.065966152159625507e-02 2.170268868311703639e-02 2.283570808751439821e-02 2.403091123290816700e-02 2.499900438232714739e-02 2.608452616852195705e-02 2.692528655191280332e-02 2.779998025659492430e-02 2.858013877658224094e-02 2.926421646009213715e-02 2.980574966294490674e-02 3.015424520464941513e-02 3.046529579556228953e-02 3.085690237931710059e-02 3.046529579556228953e-02 3.015424520464941513e-02 2.980574966294490674e-02 2.926421646009213715e-02 2.858013877658224094e-02 2.779998025659492430e-02 2.692528655191280332e-02 2.608452616852195705e-02 2.499900438232714739e-02 2.403091123290816700e-02 2.283570808751439821e-02 2.170268868311703639e-02 2.065966152159625507e-02 1.953373843504868299e-02 1.849762133022706326e-02
1.845848662263568224e-02 1.949148556559215928e-02 2.061901254080126394e-02 2.166194216218646218e-02 2.279161095435822820e-02 2.397020348225433611e-02 2.493261015959781154e-02 2.600741242940737483e-02 2.686823686707403777e-02 2.773532201580485371e-02 2.850556039329890656e-02 2.921212282513820785e-02 2.974245379024207867e-02 3.002572549166878171e-02 3.040902706584228468e-02 3.046529579556228953e-02 3.040902706584228468e-02 3.002572549166878171e-02 2.974245379024207867e-02 2.921212282513820785e-02 2.850556039329890656e-02 2.773532201580485371e-02 2.686823686707403777e-02 2.600741242940737483e-02 2.493261015959781154e-02 2.397020348225433611e-02 2.279161095435822820e-02 2.166194216218646218e-02 2.061901254080126394e-02 1.949148556559215928e-02 1.845848662263568224e-02
1.834188975098065277e-02 1.938959581633328821e-02 2.049810163321381246e-02 2.154087398786631857e-02 2.266076746527916769e-02 2.379039199594808543e-02 2.473641565779597512e-02 2.578027092811728885e-02 2.670096119128579151e-02 2.755236770846985345e-02 2.828478997758603758e-02 2.899097586348267294e-02 2.950394243621855955e-02 2.985803151176344081e-02 3.002572549166878171e-02 3.015424520464941513e-02 3.002572549166878171e-02 2.985803151176344081e-02 2.950394243621855955e-02 2.899097586348267294e-02 2.828478997758603758e-02 2.755236770846985345e-02 2.670096119128579151e-02 2.578027092811728885e-02 2.473641565779597512e-02 2.379039199594808543e-02 2.266076746527916769e-02 2.154087398786631857e-02 2.049810163321381246e-02 1.938959581633328821e-02 1.834188975098065277e-02
1.815991743165915745e-02 1.922624125000140308e-02 2.029994893640062539e-02 2.134288341263784403e-02 2.242544008228643942e-02 2.348995233456365253e-02 2.449260477853809972e-02 2.546660545308249493e-02 2.643513745306121099e-02 2.721140475427806862e-02 2.793438034898852382e-02 2.858013877658224094e-02 2.916162535809347853e-02 2.950394243621855955e-02 2.974245379024207867e-02 2.980574966294490674e-02 2.974245379024207867e-02 2.950394243621855955e-02 2.916162535809347853e-02 2.858013877658224094e-02 2.793438034898852382e-02 2.721140475427806862e-02 2.643513745306121099e-02 2.546660545308249493e-02 2.449260477853809972e-02 2.348995233456365253e-02 2.242544008228643942e-02 2.134288341263784403e-02 2.029994893640062539e-02 1.922624125000140308e-02 1.815991743165915745e-02
1.792130152670371943e-02 1.900257758741763156e-02 2.000955131711248947e-02 2.103883466596009194e-02 2.203710620797710504e-02 2.307387666906647247e-02 2.421542561699947110e-02 2.506591148720060946e-02 2.600741242940737483e-02 2.675609240803122207e-02 2.749311176237939983e-02 2.807324966445394476e-02 2.858013877658224094e-02 2.899097586348267294e-02 2.921212282513820785e-02 2.926421646009213715e-02 2.921212282513820785e-02 2.899097586348267294e-02 2.858013877658224094e-02 2.807324966445394476e-02 2.749311176237939983e-02 2.675609240803122207e-02 2.600741242940737483e-02 2.506591148720060946e-02 2.421542561699947110e-02 2.307387666906647247e-02 2.203710620797710504e-02 2.103883466596009194e-02 2.000955131711248947e-02 1.900257758741763156e-02 1.792130152670371943e-02
1.762220553278991825e-02 1.865553006321571047e-02 1.961873392986869177e-02 2.065966152159625507e-02 2.162139218639511778e-02 2.266076746527916769e-02 2.367239043090722458e-02 2.453096532161666565e-02 2.541209200956399961e-02 2.628257162086605758e-02 2.686823686707403777e-02 2.749311176237939983e-02 2.793438034898852382e-02 2.828478997758603758e-02 2.850556039329890656e-02 2.858013877658224094e-02 2.850556039329890656e-02 2.828478997758603758e-02 2.793438034898852382e-02 2.749311176237939983e-02 2.686823686707403777e-02 2.628257162086605758e-02 2.541209200956399961e-02 2.453096532161666565e-02 2.367239043090722458e-02 2.266076746527916769e-02 2.162139218639511778e-02 2.065966152159625507e-02 1.961873392986869177e-02 1.865553006321571047e-02 1.762220553278991825e-02
1.724408881003590063e-02 1.822912869412171913e-02 1.922624125000140308e-02 2.022183284738721804e-02 2.116907358845014284e-02 2.209173226458038125e-02 2.301581289157649673e-02 2.403091123290816700e-02 2.473641565779597512e-02 2.552157821202299948e-02 2.628257162086605758e-02 2.675609240803122207e-02 2.721140475427806862e-02 2.755236770846985345e-02 2.773532201580485371e-02 2.779998025659492430e-02 2.773532201580485371e-02 2.755236770846985345e-02 2.721140475427806862e-02 2.675609240803122207e-02 2.628257162086605758e-02 2.552157821202299948e-02 2.473641565779597512e-02 2.403091123290816700e-02 2.301581289157649673e-02 2.209173226458038125e-02 2.116907358845014284e-02 2.022183284738721804e-02 1.922624125000140308e-02 1.822912869412171913e-02 1.724408881003590063e-02
1.682553749592100717e-02 1.778741076852106279e-02 1.877542649565898045e-02 1.966147908310062267e-02 2.061901254080126394e-02 2.150090190451662067e-02 2.242544008228643942e-02 2.325009602770005540e-02 2.415351642161425727e-02 2.473641565779597512e-02 2.541209200956399961e-02 2.600741242940737483e-02 2.643513745306121099e-02 2.670096119128579151e-02 2.686823686707403777e-02 2.692528655191280332e-02 2.686823686707403777e-02 2.670096119128579151e-02 2.643513745306121099e-02 2.600741242940737483e-02 2.541209200956399961e-02 2.473641565779597512e-02 2.415351642161425727e-02 2.325009602770005540e-02 2.242544008228643942e-02 2.150090190451662067e-02 2.061901254080126394e-02 1.966147908310062267e-02 1.877542649565898045e-02 1.778741076852106279e-02 1.682553749592100717e-02
1.638963070607089845e-02 1.727792485780688114e-02 1.819446454436321470e-02 1.912968040604550585e-02 2.000955131711248947e-02 2.086788156218060200e-02 2.166194216218646218e-02 2.253203701475036541e-02 2.325009602770005540e-02 2.403091123290816700e-02 2.453096532161666565e-02 2.506591148720060946e-02 2.546660545308249493e-02 2.578027092811728885e-02 2.600741242940737483e-02 2.608452616852195705e-02 2.600741242940737483e-02 2.578027092811728885e-02 2.546660545308249493e-02 2.506591148720060946e-02 2.453096532161666565e-02 2.403091123290816700e-02 2.325009602770005540e-02 2.253203701475036541e-02 2.166194216218646218e-02 2.086788156218060200e-02 2.000955131711248947e-02 1.912968040604550585e-02 1.819446454436321470e-02 1.727792485780688114e-02 1.638963070607089845e-02
1.594168179236112384e-02 1.673680396462853132e-02 1.762220553278991825e-02 1.849762133022706326e-02 1.932388562024627693e-02 2.018301472222047005e-02 2.095297846867522421e-02 2.166194216218646218e-02 2.242544008228643942e-02 2.301581289157649673e-02 2.367239043090722458e-02 2.421542561699947110e-02 2.449260477853809972e-02 2.473641565779597512e-02 2.493261015959781154e-02 2.499900438232714739e-02 2.493261015959781154e-02 2.473641565779597512e-02 2.449260477853809972e-02 2.421542561699947110e-02 2.367239043090722458e-02 2.301581289157649673e-02 2.242544008228643942e-02 2.166194216218646218e-02 2.095297846867522421e-02 2.018301472222047005e-02 1.932388562024627693e-02 1.849762133022706326e-02 1.762220553278991825e-02 1.673680396462853132e-02 1.594168179236112384e-02
1.544540611834549319e-02 1.620092786707609187e-02 1.697713200285442051e-02 1.782071918653473780e-02 1.865553006321571047e-02 1.938959581633328821e-02 2.018301472222047005e-02 2.086788156218060200e-02 2.150090190451662067e-02 2.209173226458038125e-02 2.266076746527916769e-02 2.307387666906647247e-02 2.348995233456365253e-02 2.379039199594808543e-02 2.397020348225433611e-02 2.403091123290816700e-02 2.397020348225433611e-02 2.379039199594808543e-02 2.348995233456365253e-02 2.307387666906647247e-02 2.266076746527916769e-02 2.209173226458038125e-02 2.150090190451662067e-02 2.086788156218060200e-02 2.018301472222047005e-02 1.938959581633328821e-02 1.865553006321571047e-02 1.782071918653473780e-02 1.697713200285442051e-02 1.620092786707609187e-02 1.544540611834549319e-02
1.490393063824571249e-02 1.565720228711198203e-02 1.636124379495540460e-02 1.710978926721288748e-02 1.788766387246902567e-02 1.865553006321571047e-02 1.932388562024627693e-02 2.000955131711248947e-02 2.061901254080126394e-02 2.116907358845014284e-02 2.162139218639511778e-02 2.203710620797710504e-02 2.242544008228643942e-02 2.266076746527916769e-02 2.279161095435822820e-02 2.283570808751439821e-02 2.279161095435822820e-02 2.266076746527916769e-02 2.242544008228643942e-02 2.203710620797710504e-02 2.162139218639511778e-02 2.116907358845014284e-02 2.061901254080126394e-02 2.000955131711248947e-02 1.932388562024627693e-02 1.865553006321571047e-02 1.788766387246902567e-02 1.710978926721288748e-02 1.636124379495540460e-02 1.565720228711198203e-02 1.490393063824571249e-02
1.433104606378756210e-02 1.505807812369249106e-02 1.576444247206124083e-02 1.641809966522864150e-02 1.710978926721288748e-02 1.782071918653473780e-02 1.849762133022706326e-02 1.912968040604550585e-02 1.966147908310062267e-02 2.022183284738721804e-02 2.065966152159625507e-02 2.103883466596009194e-02 2.134288341263784403e-02 2.154087398786631857e-02 2.166194216218646218e-02 2.170268868311703639e-02 2.166194216218646218e-02 2.154087398786631857e-02 2.134288341263784403e-02 2.103883466596009194e-02 2.065966152159625507e-02 2.022183284738721804e-02 1.966147908310062267e-02 1.912968040604550585e-02 1.849762133022706326e-02 1.782071918653473780e-02 1.710978926721288748e-02 1.641809966522864150e-02 1.576444247206124083e-02 1.505807812369249106e-02 1.433104606378756210e-02
1.373875199391157154e-02 1.442968875165701742e-02 1.510998799287572789e-02 1.576444247206124083e-02 1.636124379495540460e-02 1.697713200285442051e-02 1.762220553278991825e-02 1.819446454436321470e-02 1.877542649565898045e-02 1.922624125000140308e-02 1.961873392986869177e-02 2.000955131711248947e-02 2.029994893640062539e-02 2.049810163321381246e-02 2.061901254080126394e-02 2.065966152159625507e-02 2.061901254080126394e-02 2.049810163321381246e-02 2.029994893640062539e-02 2.000955131711248947e-02 1.961873392986869177e-02 1.922624125000140308e-02 1.877542649565898045e-02 1.819446454436321470e-02 1.762220553278991825e-02 1.697713200285442051e-02 1.636124379495540460e-02 1.576444247206124083e-02 1.510998799287572789e-02 1.442968875165701742e-02 1.373875199391157154e-02
1.315583439480040931e-02 1.378356591867095811e-02 1.442968875165701742e-02 1.505807812369249106e-02 1.565720228711198203e-02 1.620092786707609187e-02 1.673680396462853132e-02 1.727792485780688114e-02 1.778741076852106279e-02 1.822912869412171913e-02 1.865553006321571047e-02 1.900257758741763156e-02 1.922624125000140308e-02 1.938959581633328821e-02 1.949148556559215928e-02 1.953373843504868299e-02 1.949148556559215928e-02 1.938959581633328821e-02 1.922624125000140308e-02 1.900257758741763156e-02 1.865553006321571047e-02 1.822912869412171913e-02 1.778741076852106279e-02 1.727792485780688114e-02 1.673680396462853132e-02 1.620092786707609187e-02 1.565720228711198203e-02 1.505807812369249106e-02 1.442968875165701742e-02 1.378356591867095811e-02 1.315583439480040931e-02
1.259563958861645641e-02 1.315583439480040931e-02 1.373875199391157154e-02 1.433104606378756210e-02 1.490393063824571249e-02 1.544540611834549319e-02 1.594168179236112384e-02 1.638963070607089845e-02 1.682553749592100717e-02 1.724408881003590063e-02 1.762220553278991825e-02 1.792130152670371943e-02 1.815991743165915745e-02 1.834188975098065277e-02 1.845848662263568224e-02 1.849762133022706326e-02 1.845848662263568224e-02 1.834188975098065277e-02 1.815991743165915745e-02 1.792130152670371943e-02 1.762220553278991825e-02 1.724408881003590063e-02 1.682553749592100717e-02 1.638963070607089845e-02 1.594168179236112384e-02 1.544540611834549319e-02 1.490393063824571249e-02 1.433104606378756210e-02 1.373875199391157154e-02 1.315583439480040931e-02 1.259563958861645641e-02
